   1    142
   1    168
   1    180
   1    181
   1    191
   1    193
   1    198
   1    201
   1    207
   1    208
   1    216
   1    217
   1    234
   1    237
   1    238
   1    249
   1    260
   1    268
   1    272
   1    276
   1    29
   1    297
   1    331
   1    336
   1    341
   1    362
   1    368
   1    370
   1    373
   1    375
   1    378
   1    379
   1    380
   1    388
   1    392
   1    404
   1    416
   1    438
   1    44
   1    445
   1    457
   1    463
   1    466
   1    47
   1    479
   1    481
   1    495
   1    496
   1    50
   1    503
   1    51
   1    510
   1    511
   1    512
   1    513
   1    514
   1    52
   1    56
   1    562
   1    567
   1    587
   1    588
   1    597
   1    598
   1    610
   1    616
   1    618
   1    621
   1    64
   1    653
   1    666
   1    677
   1    680
   1    688
   1    69
   1    695
   1    699
   1    700
   1    704
   1    71
   1    717
   1    721
   1    728
   1    73
   1    732
   1    733
   1    74
   1    742
   1    748
   1    75
   1    755
   1    763
   1    764
   1    772
   1    775
   1    78
   1    787
   1    804
   1    805
   1    81
   1    821
   1    822
   1    84
   1    848
   1    867
   1    890
   1    899
   1    901
   1    902
   1    903
   1    91
   1    910
   1    914
   1    916
   1    92
   1    932
   1    935
   1    95
   1    960
   1    969
   1    97
   1    979
   1    98
   1    982
   1    984
   1   1005
   1   102
   1   1028
   1   1035
   1   1045
   1   105
   1   1058
   1   1066
   1   1069
   1   107
   1   1080
   1   1082
   1   1089
   1   1092
   1   1098
   1   1099
   1   1106
   1   1124
   1   1127
   1   1130
   1   1132
   1   1134
   1   114
   1   1140
   1   1143
   1   1146
   1   1149
   1   115
   1   1155
   1   1157
   1   1158
   1   1162
   1   1165
   1   1175
   1   1177
   1   1194
   1   1197
   1   1199
   1   1200
   1   1212
   1   1216
   1   1225
   1   123
   1   124
   1   125
   1   1254
   1   126
   1   1283
   1   1307
   1   1311
   1   1312
   1   1325
   1   134
   1   1342
   1   1345
   1   1347
   1   136
   1   1368
   1   1380
   1   1383
   1   139
   1   140
   1   1427
   1   144
   1   147
   1   148
   1   1481
   1   1484
   1   149
   1   1503
   1   151
   1   153
   1   154
   1   155
   1   1550
   1   156
   1   157
   1   1589
   1   161
   1   162
   1   164
   1   1640
   1   167
   1   1670
   1   168
   1   169
   1   174
   1   1766
   1   179
   1   181
   1   1821
   1   183
   1   188
   1   189
   1   190
   1   1900
   1   193
   1   200
   1   2005
   1   2023
   1   205
   1   212
   1   2126
   1   213
   1   214
   1   216
   1   219
   1   221
   1   223
   1   2250
   1   2259
   1   227
   1   229
   1   2290
   1   2304
   1   231
   1   232
   1   2322
   1   2337
   1   235
   1   2353
   1   2354
   1   237
   1   240
   1   246
   1   248
   1   249
   1   251
   1   254
   1   257
   1   258
   1   259
   1   260
   1   262
   1   264
   1   266
   1   27
   1   275
   1   283
   1   288
   1   289
   1   304
   1   306
   1   309
   1   31
   1   313
   1   314
   1   317
   1   318
   1   321
   1   322
   1   324
   1   325
   1   327
   1   333
   1   337
   1   34
   1   344
   1   347
   1   349
   1   350
   1   352
   1   355
   1   358
   1   359
   1   360
   1   363
   1   364
   1   368
   1   370
   1   374
   1   375
   1   381
   1   384
   1   385
   1   388
   1   389
   1   390
   1   397
   1   398
   1   402
   1   406
   1   407
   1   412
   1   414
   1   415
   1   416
   1   42
   1   420
   1   43
   1   432
   1   433
   1   434
   1   437
   1   442
   1   445
   1   446
   1   451
   1   455
   1   460
   1   461
   1   462
   1   467
   1   468
   1   469
   1   47
   1   472
   1   473
   1   48
   1   487
   1   488
   1   499
   1   50
   1   500
   1   506
   1   508
   1   509
   1   510
   1   515
   1   516
   1   52
   1   522
   1   523
   1   524
   1   526
   1   53
   1   532
   1   538
   1   539
   1   542
   1   543
   1   545
   1   55
   1   552
   1   564
   1   567
   1   568
   1   57
   1   570
   1   571
   1   577
   1   579
   1   58
   1   580
   1   582
   1   583
   1   584
   1   587
   1   589
   1   59
   1   590
   1   595
   1   600
   1   603
   1   609
   1   61
   1   615
   1   616
   1   620
   1   621
   1   623
   1   627
   1   629
   1   631
   1   633
   1   640
   1   645
   1   651
   1   661
   1   666
   1   670
   1   672
   1   680
   1   684
   1   685
   1   692
   1   705
   1   709
   1   71
   1   719
   1   722
   1   724
   1   736
   1   74
   1   742
   1   749
   1   761
   1   778
   1   783
   1   785
   1   787
   1   796
   1   802
   1   806
   1   807
   1   824
   1   839
   1   84
   1   846
   1   847
   1   877
   1   885
   1   91
   1   923
   1   93
   1   944
   1   958
   1   97
   1   973
   2    179
   2    480
   2    54
   2    58
   2    63
   2    740
   2    83
   2    88
   2    89
   2    919
   2    920
   2    934
   2    942
   2   100
   2   101
   2   104
   2   106
   2   112
   2   1123
   2   116
   2   118
   2   1188
   2   119
   2   121
   2   127
   2   129
   2   137
   2   138
   2   142
   2   1459
   2   158
   2   165
   2   173
   2   175
   2   192
   2   198
   2   199
   2   201
   2   203
   2   206
   2   207
   2   218
   2   220
   2   224
   2   230
   2   241
   2   245
   2   256
   2   270
   2   272
   2   273
   2   282
   2   291
   2   293
   2   294
   2   302
   2   305
   2   308
   2   311
   2   323
   2   326
   2   329
   2   338
   2   340
   2   341
   2   342
   2   345
   2   346
   2   361
   2   362
   2   367
   2   379
   2   395
   2   405
   2   417
   2   452
   2   465
   2   471
   2   479
   2   514
   2   530
   2   541
   2   546
   2   547
   2   592
   2   594
   2   699
   2   708
   2   746
   2   747
   2   764
   2   811
   2   840
   3   110
   3   113
   3   117
   3   128
   3   135
   3   143
   3   146
   3   182
   3   184
   3   194
   3   204
   3   215
   3   236
   3   255
   3   292
   3   343
   3   371
   3   372
   3   392
   3   777
   4    53
   4   103
   4   295
   4   296
